
table =

  11×4 table

    Var1    Var2    Var3    Var4
    ____    ____    ____    ____

     15     23.6      23    23.8
     14     24.7      25    25.2
     13     26.6    27.3    26.9
     12     29.1    28.9    29.5
     11       32    31.8    31.6
     10     34.7      35    34.8
      9     38.8      39    39.2
      8     44.4    43.7      44
      7       50    50.5    50.4
      6     58.5    58.3    58.7
      5     69.8    69.9      70


table_ =

   15.0000   23.6000   23.0000   23.8000
   14.0000   24.7000   25.0000   25.2000
   13.0000   26.6000   27.3000   26.9000
   12.0000   29.1000   28.9000   29.5000
   11.0000   32.0000   31.8000   31.6000
   10.0000   34.7000   35.0000   34.8000
    9.0000   38.8000   39.0000   39.2000
    8.0000   44.4000   43.7000   44.0000
    7.0000   50.0000   50.5000   50.4000
    6.0000   58.5000   58.3000   58.7000
    5.0000   69.8000   69.9000   70.0000


x =

    15
    14
    13
    12
    11
    10
     9
     8
     7
     6
     5


p1 =

   23.6000
   24.7000
   26.6000
   29.1000
   32.0000
   34.7000
   38.8000
   44.4000
   50.0000
   58.5000
   69.8000


p2 =

   23.0000
   25.0000
   27.3000
   28.9000
   31.8000
   35.0000
   39.0000
   43.7000
   50.5000
   58.3000
   69.9000


p3 =

   23.8000
   25.2000
   26.9000
   29.5000
   31.6000
   34.8000
   39.2000
   44.0000
   50.4000
   58.7000
   70.0000


x_m =

   1.0e-06 *

    0.1500
    0.1400
    0.1300
    0.1200
    0.1100
    0.1000
    0.0900
    0.0800
    0.0700
    0.0600
    0.0500


p =

   23.4667
   24.9667
   26.9333
   29.1667
   31.8000
   34.8333
   39.0000
   44.0333
   50.3000
   58.5000
   69.9000


x =

  -15.7126
  -15.7816
  -15.8557
  -15.9358
  -16.0228
  -16.1181
  -16.2235
  -16.3412
  -16.4748
  -16.6289
  -16.8112


y =

    3.1556
    3.2175
    3.2934
    3.3730
    3.4595
    3.5506
    3.6636
    3.7849
    3.9180
    4.0690
    4.2471


xx =

  246.8868
  249.0596
  251.4042
  253.9489
  256.7297
  259.7930
  263.2005
  267.0361
  271.4181
  276.5210
  282.6179


yy =

    9.9577
   10.3526
   10.8463
   11.3773
   11.9679
   12.6066
   13.4217
   14.3258
   15.3508
   16.5570
   18.0376


xy =

  -49.5825
  -50.7780
  -52.2187
  -53.7518
  -55.4303
  -57.2285
  -59.4356
  -61.8507
  -64.5482
  -67.6635
  -71.3985


n =

    11


sx =

 -177.9063


sy =

   39.7322


sxx =

   2.8786e+03


syy =

  144.8011


sxy =

 -643.8864


D1 =

   14.1324


D2 =

   14.1678


A =

  -12.5807


B =

   -1.0012


Y =

    3.1508
    3.2199
    3.2941
    3.3742
    3.4613
    3.5567
    3.6622
    3.7802
    3.9139
    4.0682
    4.2507


d =

    0.0048
   -0.0023
   -0.0007
   -0.0012
   -0.0019
   -0.0062
    0.0013
    0.0048
    0.0042
    0.0008
   -0.0037


dd =

   1.0e-04 *

    0.2292
    0.0542
    0.0049
    0.0139
    0.0344
    0.3809
    0.0176
    0.2293
    0.1726
    0.0071
    0.1341


sdd =

   1.2782e-04


s2 =

   1.4202e-05


sA =

    0.0538


sB =

    0.0033


EA =

    0.4275


EB =

    0.3321


R =

   -1.0000


e =

    2.7183


a =

   3.4376e-06


b =

   -1.0012


sa =

   1.8489e-07


sb =

    0.0033


Ea =

    5.3785


Eb =

    0.3321


T =

   300


N =

   300


NA =

   6.0221e+23


n =

   4.9816e-22


R =

   8.2057e-05


area =

   3.5674e-18


ee =

   2.2674e-30


EE =

   6.3560e-11


area_nm2 =

  356.7395


ee_nm2 =

   2.2674e-10

>> 