
table =

  11×2 table

    Var1    Var2
    ____    ____

    -100    443 
     -80    423 
     -60    403 
     -40    383 
     -20    363 
       0    343 
      20    323 
      40    303 
      60    283 
      80    263 
     100    243 


table_ =

  -100   443
   -80   423
   -60   403
   -40   383
   -20   363
     0   343
    20   323
    40   303
    60   283
    80   263
   100   243


vr =

  -100
   -80
   -60
   -40
   -20
     0
    20
    40
    60
    80
   100


fr =

   443
   423
   403
   383
   363
   343
   323
   303
   283
   263
   243


fe =

   343


x =

  -100
   -80
   -60
   -40
   -20
     0
    20
    40
    60
    80
   100


y =

   443
   423
   403
   383
   363
   343
   323
   303
   283
   263
   243


n =

    11


sx =

     0


sy =

        3773


xx =

       10000
        6400
        3600
        1600
         400
           0
         400
        1600
        3600
        6400
       10000


sxx =

       44000


yy =

      196249
      178929
      162409
      146689
      131769
      117649
      104329
       91809
       80089
       69169
       59049


syy =

     1338139


xy =

      -44300
      -33840
      -24180
      -15320
       -7260
           0
        6460
       12120
       16980
       21040
       24300


sxy =

      -44000


D =

      484000


DD =

      484000


A =

   343


B =

    -1


Y =

   443
   423
   403
   383
   363
   343
   323
   303
   283
   263
   243


d =

     0
     0
     0
     0
     0
     0
     0
     0
     0
     0
     0


dd =

     0
     0
     0
     0
     0
     0
     0
     0
     0
     0
     0


sdd =

     0


s2 =

     0


sA =

     0


sB =

     0


EA =

     0


EB =

     0


R =

    -1


v =

   343


e_v =

     0


E_v =

     0

>> 