
table =

  11×2 table

    Var1     Var2 
    ____    ______

    -100    265.57
     -80    278.13
     -60    291.93
     -40    307.18
     -20     324.1
       0       343
      20    364.24
      40    388.28
      60    415.72
      80    447.33
     100    484.15


table_ =

 -100.0000  265.5700
  -80.0000  278.1300
  -60.0000  291.9300
  -40.0000  307.1800
  -20.0000  324.1000
         0  343.0000
   20.0000  364.2400
   40.0000  388.2800
   60.0000  415.7200
   80.0000  447.3300
  100.0000  484.1500


ve =

  -100
   -80
   -60
   -40
   -20
     0
    20
    40
    60
    80
   100


fr =

  265.5700
  278.1300
  291.9300
  307.1800
  324.1000
  343.0000
  364.2400
  388.2800
  415.7200
  447.3300
  484.1500


fe =

   343


x =

  -77.4300
  -64.8700
  -51.0700
  -35.8200
  -18.9000
         0
   21.2400
   45.2800
   72.7200
  104.3300
  141.1500


y =

   1.0e+04 *

   -2.6557
   -2.2250
   -1.7516
   -1.2287
   -0.6482
         0
    0.7285
    1.5531
    2.4943
    3.5786
    4.8415


n =

    11


sx =

  136.6300


sy =

   4.6868e+04


xx =

   1.0e+04 *

    0.5995
    0.4208
    0.2608
    0.1283
    0.0357
         0
    0.0451
    0.2050
    0.5288
    1.0885
    1.9923


sxx =

   5.3050e+04


yy =

   1.0e+09 *

    0.7053
    0.4951
    0.3068
    0.1510
    0.0420
         0
    0.0531
    0.2412
    0.6222
    1.2807
    2.3440


syy =

   6.2413e+09


xy =

   1.0e+06 *

    2.0563
    1.4434
    0.8945
    0.4401
    0.1225
         0
    0.1547
    0.7033
    1.8139
    3.7336
    6.8338


sxy =

   1.8196e+07


D =

   5.6488e+05


DD =

   6.6457e+10


A =

    0.3714


B =

  343.0002


Y =

   1.0e+04 *

   -2.6558
   -2.2250
   -1.7517
   -1.2286
   -0.6482
    0.0000
    0.7286
    1.5531
    2.4943
    3.5786
    4.8415


d =

    1.1323
   -0.3499
    0.8476
   -1.3051
    0.3319
   -0.3714
   -0.8952
   -0.2195
   -0.1443
    0.8201
    0.1535


dd =

    1.2821
    0.1225
    0.7185
    1.7033
    0.1102
    0.1380
    0.8014
    0.0482
    0.0208
    0.6725
    0.0236


sdd =

    5.6408


s2 =

    0.6268


sA =

    0.2426


sB =

    0.0035


EA =

   65.3178


EB =

    0.0010


R =

    1.0000

>> 