
table =

  25×3 table

    Var1    Var2     Var3 
    ____    ____    ______

    -100    -100       343
    -100     -50    304.29
    -100       0    265.57
    -100      50    226.86
    -100     100    188.15
     -50    -100    386.64
     -50     -50       343
     -50       0    299.36
     -50      50    255.72
     -50     100    212.08
       0    -100       443
       0     -50       393
       0       0       343
       0      50       293
       0     100       243
      50    -100     518.6
      50     -50    460.06
      50       0    401.53
      50      50       343
      50     100    284.47
     100    -100     625.3
     100     -50    554.73
     100       0    484.15
     100      50    413.58
     100     100       343


table_ =

 -100.0000 -100.0000  343.0000
 -100.0000  -50.0000  304.2900
 -100.0000         0  265.5700
 -100.0000   50.0000  226.8600
 -100.0000  100.0000  188.1500
  -50.0000 -100.0000  386.6400
  -50.0000  -50.0000  343.0000
  -50.0000         0  299.3600
  -50.0000   50.0000  255.7200
  -50.0000  100.0000  212.0800
         0 -100.0000  443.0000
         0  -50.0000  393.0000
         0         0  343.0000
         0   50.0000  293.0000
         0  100.0000  243.0000
   50.0000 -100.0000  518.6000
   50.0000  -50.0000  460.0600
   50.0000         0  401.5300
   50.0000   50.0000  343.0000
   50.0000  100.0000  284.4700
  100.0000 -100.0000  625.3000
  100.0000  -50.0000  554.7300
  100.0000         0  484.1500
  100.0000   50.0000  413.5800
  100.0000  100.0000  343.0000


ve =

  -100
  -100
  -100
  -100
  -100
   -50
   -50
   -50
   -50
   -50
     0
     0
     0
     0
     0
    50
    50
    50
    50
    50
   100
   100
   100
   100
   100


vr =

  -100
   -50
     0
    50
   100
  -100
   -50
     0
    50
   100
  -100
   -50
     0
    50
   100
  -100
   -50
     0
    50
   100
  -100
   -50
     0
    50
   100


fr =

  343.0000
  304.2900
  265.5700
  226.8600
  188.1500
  386.6400
  343.0000
  299.3600
  255.7200
  212.0800
  443.0000
  393.0000
  343.0000
  293.0000
  243.0000
  518.6000
  460.0600
  401.5300
  343.0000
  284.4700
  625.3000
  554.7300
  484.1500
  413.5800
  343.0000


fe =

   343


x =

         0
   38.7100
   77.4300
  116.1400
  154.8500
  -43.6400
         0
   43.6400
   87.2800
  130.9200
 -100.0000
  -50.0000
         0
   50.0000
  100.0000
 -175.6000
 -117.0600
  -58.5300
         0
   58.5300
 -282.3000
 -211.7300
 -141.1500
  -70.5800
         0


y =

   1.0e+04 *

         0
    1.3279
    2.6557
    3.9836
    5.3115
   -1.4968
         0
    1.4968
    2.9936
    4.4904
   -3.4300
   -1.7150
         0
    1.7150
    3.4300
   -6.0230
   -4.0153
   -2.0076
         0
    2.0076
   -9.6830
   -7.2623
   -4.8415
   -2.4208
         0


n =

    25


sx =

 -393.0900


sy =

     -134832


xx =

   1.0e+04 *

         0
    0.1498
    0.5995
    1.3488
    2.3979
    0.1904
         0
    0.1904
    0.7618
    1.7140
    1.0000
    0.2500
         0
    0.2500
    1.0000
    3.0835
    1.3703
    0.3426
         0
    0.3426
    7.9693
    4.4830
    1.9923
    0.4982
         0


sxx =

   2.9935e+05


yy =

   1.0e+09 *

         0
    0.1763
    0.7053
    1.5869
    2.8212
    0.2240
         0
    0.2240
    0.8962
    2.0164
    1.1765
    0.2941
         0
    0.2941
    1.1765
    3.6277
    1.6123
    0.4031
         0
    0.4031
    9.3760
    5.2741
    2.3440
    0.5860
         0


syy =

   3.5218e+10


xy =

   1.0e+07 *

         0
    0.0514
    0.2056
    0.4627
    0.8225
    0.0653
         0
    0.0653
    0.2613
    0.5879
    0.3430
    0.0858
         0
    0.0858
    0.3430
    1.0576
    0.4700
    0.1175
         0
    0.1175
    2.7335
    1.5376
    0.6834
    0.1709
         0


sxy =

   1.0268e+08


D =

   7.3291e+06


DD =

   8.6227e+11


A =

   -0.0778


B =

  343.0005


Y =

   1.0e+04 *

   -0.0000
    1.3277
    2.6558
    3.9836
    5.3114
   -1.4969
   -0.0000
    1.4968
    2.9937
    4.4906
   -3.4300
   -1.7150
   -0.0000
    1.7150
    3.4300
   -6.0231
   -4.0152
   -2.0076
   -0.0000
    2.0076
   -9.6829
   -7.2624
   -4.8415
   -2.4209
   -0.0000


d =

    0.0778
    1.5296
   -1.4486
    0.0031
    1.4549
    0.6183
    0.0778
   -0.4627
   -1.0033
   -1.5438
    0.1249
    0.1013
    0.0778
    0.0543
    0.0307
    0.9604
   -1.2871
   -0.6047
    0.0778
    0.7603
   -0.8894
    0.5674
   -0.4058
    1.0510
    0.0778


dd =

    0.0061
    2.3396
    2.0985
    0.0000
    2.1168
    0.3823
    0.0061
    0.2141
    1.0066
    2.3833
    0.0156
    0.0103
    0.0061
    0.0029
    0.0009
    0.9224
    1.6567
    0.3656
    0.0061
    0.5780
    0.7909
    0.3220
    0.1647
    1.1046
    0.0061


sdd =

   16.5063


s2 =

    0.7177


sA =

    0.1712


sB =

    0.0016


EA =

  220.0585


EB =

   4.5615e-04


R =

    1.0000

>> 