>> pp_4

table =

  6x2 table

    Var1    Var2
    ____    ____

    1.42    0.52
    1.56    0.62
    1.68    0.72
    1.79    0.82
    1.92    0.92
    2.02    1.02

X =
    0.3507
    0.4447
    0.5188
    0.5822
    0.6523
    0.7031

Y =
   -0.6539
   -0.4780
   -0.3285
   -0.1985
   -0.0834
    0.0198

p = 1.9130   -1.3239

v =
   -0.6531
   -0.4732
   -0.3314
   -0.2101
   -0.0760
    0.0212

caption = 'y = (-1.32) + (1.91) x'
dim = 0.1800    0.3500         0    0.3000
